2028358
2393964
2393970
2453192
2571729
2578804
2719462
178181
178205
2452601
2402494
2448392
2448501
2448503
2028352
1746810
161605
161607
2730982
2730986
3523551
2264373
2028482
2719350
2028560
2028478
2133726
2376992
2307811
2367884
2187687
2456446
2741721
455305
2719295
2719301
2256415
2730701
2133730
2393974
2376816
2376724
2719329
2719343
2264397
3522414
2028486
161469
2719298
2448468
2133598
3522584
2377116
2377276
2377271
2367909
2376648
2731023
2377103
2377260
2377021
2367877
2376511
2719338
2719291
2719313
1002801
1002815
2264380
2741719
